Q-values:
[[[ 0.6481566   1.29865551  0.29270198  5.20944894]     <-(0,0)
  [ 0.81636155  2.22753498  3.42010362  5.7882766 ]     <-(0,1)
  [ 0.04023517  6.43141844  3.51431951  0.73583746]     <-(0,2)
  [ 0.85704728  0.01558169  0.42010181  0.46294845]     <-(0,3)
  [ 0.39676586  0.49382048  0.48504785  0.18622311]]    <-(0,4)

 [[ 0.51628011  0.60362949  0.71047134  3.11532939]     <-(1,0)
  [ 0.53481795  0.35562196  0.6258631   6.0126787 ]     <-(1,1)
  [ 4.20064875  7.14602049  2.83050161  0.273053  ]     <-(1,2)
  [ 0.49488624  0.12351889  0.7330391   0.75425627]     <-(1,3)
  [ 0.72865859  0.69053772  0.08829574  0.76514994]]    <-(1,4)

 [[ 0.75095133  0.86401484  0.95110774  0.49096884]     <-(2,0)
  [ 0.31575241  0.7220289   0.32344439  0.63132719]     <-(2,1)
  [ 4.14409625  7.94002277  0.75868742  0.28566066]     <-(2,2)
  [ 0.6675306   0.5698187   0.25825043  0.38570086]     <-(2,3)
  [ 0.30258139  0.76435973  0.54685156  0.47893668]]    <-(2,4)

 [[ 0.51936761  0.35830143  0.89282906  0.44766224]     <-(3,0)
  [ 0.26371726  0.85671892  0.52253875  0.73065114]     <-(3,1)
  [ 5.48670763  8.82224752  0.58340502  2.81919321]     <-(3,2)
  [ 0.25976762  5.61520073  0.58593153  0.39864039]     <-(3,3)
  [ 0.76643021  0.04398651  0.88293499  0.70761391]]    <-(3,4)

 [[ 0.99073734  0.71523005  0.21722058  0.86309203]     <-(4,0)
  [ 0.56550686  0.40168309 10.89166361  4.45060561]     <-(4,1)
  [ 5.56101093  0.54179832  9.80249725  5.00492262]     <-(4,2)
  [ 0.96839506  0.36943551  8.46166362  0.82671761]     <-(4,3)
  [ 0.67528997  0.8549      0.42600611  0.75830836]]]   <-(4,4)

  Q-values:
[[[ 0.39034449  3.9402597   0.01376211  4.87706836]     <-(0,0)
  [ 0.78899924  0.46433492  4.38204604  5.4203454 ]     <-(0,1)
  [ 0.29334835  6.03469349  4.85922519  0.96280179]     <-(0,2)
  [ 0.39738213  0.25329065  0.96787957  0.13671104]     <-(0,3)
  [ 0.47320016  1.9217823   0.04169239  0.41940076]]    <-(0,4)

 [[ 4.38031515  3.49727176  0.02855073  0.38570756]     <-(1,0)
  [ 0.2061841   0.74489018  0.40738422  0.37068413]     <-(1,1)
  [ 5.40337638  6.7292416   0.34028655  5.38568848]     <-(1,2)
  [ 0.97267651  0.01552042  6.02150963  4.76360019]     <-(1,3)
  [ 0.45725155  0.40783406  5.35958911  0.93339985]]    <-(1,4)

 [[ 3.91874903  0.17380716  0.76596475  0.85488366]     <-(2,0)
  [ 0.53608225  0.32426476  0.60834301  0.16586619]     <-(2,1)
  [ 6.02039917  7.51479443  0.40299004  0.88637937]     <-(2,2)
  [ 0.0557212   0.98845011  0.3219691   0.92513922]     <-(2,3)
  [ 0.29189443  1.36998559  0.65912774  0.87781546]]    <-(2,4)

 [[ 1.02040691  0.33419537  0.39055631  0.09076603]     <-(3,0)
  [ 0.25731862  0.18370694  0.5575053   0.54666714]     <-(3,1)
  [ 6.71284848  8.4001576   0.85123155  0.35939295]     <-(3,2)
  [ 0.15588698  0.47802773  0.43024952  0.33175107]     <-(3,3)
  [ 0.00098808  5.42546769  0.7717171   0.19769557]]    <-(3,4)

 [[ 0.05763021  0.22978458  0.65528795  7.45577693]     <-(4,0)
  [ 0.881863    0.87022795  6.61434996  8.38761717]     <-(4,1)
  [ 7.50372625  0.69900023  7.48338793  9.39634649]     <-(4,2)
  [ 0.50720883  0.32135277  8.38488485 10.51741825]     <-(4,3)
  [ 0.25486918  0.66333729  0.44715085  0.09117598]]]   <-(4,4)

